MNI Tag Point File
Volumes = 2;
%Volume: MR1_R_4_init_align.nii.gz
%Volume: mri1_t1_tal.nii

Points =
 -65.5282363891602 -38.758487701416 61.7515678405762 5.24066972732544 -23.277364730835 77.0144958496094 ""
 -72.2637252807617 -38.758487701416 36.0725212097168 4.32924890518188 -23.277364730835 41.0133743286133 ""
 -42.1508712768555 -47.447193145752 -28.1088027954102 69.3249435424805 -39.0932426452637 0.0974169969558716 ""
 -56.4132690429688 -47.447193145752 23.3376922607422 28.5206356048584 -38.4726943969727 44.2101821899414 ""
 -37.288459777832 -47.447193145752 10.2382802963257 61.0538024902344 -38.4726943969727 43.6587753295898 ""
 -37.4705963134766 -34.7318534851074 -14.3517961502075 67.1193084716797 -25.8104991912842 11.1256084442139 ""
 -44.1676406860352 -34.7318534851074 36.8659172058105 45.0629234313965 -19.7445831298828 57.4440116882324 ""
 -60.3749046325684 -34.7318534851074 58.1668930053711 11.4269380569458 -19.7445831298828 67.9207992553711 "";
