MNI Tag Point File
Volumes = 2;
%Volume: MR1_R_5_init_align.nii.gz
%Volume: mri1_t1_tal.nii

Points =
 -55.0490036010742 -26.7600002288818 -4.79267358779907 5.77232933044434 -58.6732864379883 8.67546844482422 ""
 -39.404239654541 -12.8600006103516 54.363395690918 12.3278779983521 -41 72.5198211669922 ""
 -32.3630104064941 -30.0806159973145 17.4978446960449 36.2682266235352 -80.032958984375 41.7334976196289 ""
 -56.845516204834 -18.7800006866455 2.81703329086304 5.03651142120361 -45.9940986633301 17.5726089477539 ""
 -39.0270881652832 -10.6791458129883 28.7434253692627 31.1333065032959 -49.7124252319336 37.2019805908203 ""
 -39.3494873046875 -20.5162868499756 4.88090991973877 29.8882808685303 -59.5646705627441 28.0621852874756 ""
 -28.6015434265137 -20.5162868499756 7.56094360351562 29.8882808685303 -59.5646705627441 28.0621852874756 ""
 -33.4627532958984 -25.5131130218506 -5.38153028488159 43.7207679748535 -68.5013275146484 27.9553451538086 ""
 -37.0038757324219 -25.5131130218506 -20.1361999511719 44.0320243835449 -68.5013275146484 7.41242742538452 ""
 -37.0038757324219 -25.5131130218506 -20.1361999511719 55.757152557373 -68.5013275146484 16.9370384216309 ""
 -60.4252128601074 -22.6267738342285 -9.30583667755127 2.22255539894104 -74.7824172973633 10.1727390289307 ""
 -27.327787399292 -22.6267738342285 -19.7350196838379 50.316722869873 -74.7824172973633 -2.18660187721252 ""
 -27.9187488555908 -18.1152210235596 29.5577373504639 32.2463798522949 -54.4507598876953 57.7644157409668 ""
 -30.5064888000488 -30.0830478668213 3.39279937744141 47.7693367004395 -79.4750442504883 24.3435707092285 "";
